26.909728719565464 42.99498449495484 27.039541385256598 5.613274610189731 51.09392964262952 6.949760353151401 50.9641255452334 44.33143509343577 cars 0
60.21165388461668 63.675889045452564 59.49636841756728 30.976208451291633 86.76880717528547 21.43107091681093 87.48410518737728 54.130691167971996 cars 0
21.937573281029472 65.00874378681527 22.338881918039988 109.95155126432344 0.010191149667662103 113.14141359419018 -0.3910831683242577 68.19873908484173 cars 0
49.24288872585748 199.09459180972365 48.93854480675145 160.13255187145216 74.74925446320412 156.90660248907 75.05366311734178 195.8683689859723 cars 0
45.55277214631133 199.9266248003476 44.74405719614879 243.92447376385778 20.87308594112983 236.90394625355933 21.68187942210352 192.9064443509679 cars 0
108.96001309589337 186.60378446322414 109.18618438499834 222.7813231449232 86.05059294890452 225.09498234610493 85.82448696686697 188.91769828713097 cars 0
117.10435507797229 277.05969237486624 116.97307738182644 245.53488552038397 139.90419966088666 244.00684809298153 140.03554623664968 275.5313733021665 cars 0
41.99992179461333 327.9995022186639 42.00001586625149 357.9998881178161 19.000001914955646 358.00030603233756 18.99999592540553 328.00027127102163 cars 0
81.17440666608672 425.7112747421145 80.96181279426673 388.27564480602575 104.83013133196437 386.1067492174717 105.04285720697226 423.5418383757766 cars 0
74.7930043811175 456.0679021863722 75.48293575589923 489.17211937694304 53.282820046097186 496.5727580595981 52.593028935516486 463.46906501897104 cars 0
45.2991957080485 483.8342638916075 44.655790148444794 512.1464732974935 20.356480943319184 503.31169818162005 21.000000000003638 474.99999999996385 cars 0
140.12038026245136 482.54834037489934 139.85966270854988 513.8475013413826 115.7946456942409 510.63961156227356 116.05549753550804 479.3410061475302 cars 0
84.21999556152514 596.1592626495286 83.57541240993669 642.5721687282049 59.4967524583808 637.2216384799493 60.14157654108203 590.8097569993334 cars 0
140.7994623229206 105.91984688037657 141.0718440954406 149.49277891043425 116.06870651452482 151.9931422431652 115.79637804890808 108.42040834018385 cars 0
20 107 53 107 53 140 20 140 cars 0