31.162071136459417 84.21194599587315 30.486942075149273 50.00402850710829 57.71198203870881 41.406935408751906 58.38713084907795 75.61475919911271 cars 0
58.20461464320033 75.461585607154 57.79903625310908 40.8500637905518 86.65359886137594 35.44006919671717 87.05919700965751 70.05151280181965 cars 0
119.21372199816687 139.68922078446536 118.42706405303034 104.0256060517448 142.6137413617289 95.4895276665841 143.4004333367193 131.1529871648875 cars 0
107.45048888022211 151.98013246418077 106.66832271765088 183.26731579864742 84.61384637905212 174.4455620204203 85.39604968171261 143.15855100167641 cars 0
0 185.00000000001418 -2.000004064775567 152.9999166838587 11.05882267065681 139.94131679801288 13.058844207898801 171.94129657705562 cars 0
19.306299561485503 255.60296379073296 18.486365173212107 221.86603013629494 44.6762903383933 211.68186858421504 45.4962932032322 245.41849597609502 cars 0
47.33161189082239 323.53361968984484 46.935169594689796 291.812655166604 69.75311628730196 287.24985667196967 70.14963642672228 318.9704929884498 cars 0
80.92231999604337 286.87009804908166 81.02100834905286 261.62612117661297 104.05834498018521 263.0667030902601 103.95971695385015 288.3104430400413 cars 0
113.8845259421214 290.84885567213513 114.02934773352172 258.4304222346918 137.09787585621598 260.0788956954356 136.95313201131285 292.49702315952345 cars 0
136.10097750375644 381.4552754661149 135.89748430025793 410.76629480359225 116.84963205645545 408.6501150486531 117.05320499520894 379.33942474768526 cars 0
80.21068138625196 394.97358455710366 79.9473272520845 361.25630413310796 102.81558112299535 358.39841935272386 103.07903989363695 392.11526412589967 cars 0
19.05221119744965 437.8495275588358 18.718556981730217 400.4682864778366 42.70571034470777 397.04270868009445 43.03949879702486 434.42338797306047 cars 0
54.99987913228324 506.99996039300527 55.00003649814971 476.9993957062992 76.00001432749195 477.0006706813459 75.99997207322303 507.00077788462914 cars 0
83.96773489403131 579.7310178173267 84.09485167905586 549.2722710823228 109.08361392346706 550.9398474004247 108.95665991709393 581.3979506623152 cars 0
141.6730626761273 511.92865890931637 142.56460939843237 547.5735351055154 114.34663876265404 558.861988285656 113.45531059097993 523.2179175303032 cars 0