83.72897361256037 32.73885431957855 84.3606302997614 70.63713688086565 57.49667952703021 77.8008923694222 56.86504502495154 39.902692761124065 cars 0
146.67405618030898 36.079975226987536 147.66876983527254 72.45738476799632 124.99469363303433 82.37733436443443 123.99999999999636 46.00000000001476 cars 0
22.399282675451104 119.000161530738 21.79939691846812 84.44454097789048 48.77347682215259 76.95212628574511 49.37339379608602 111.5076097969033 cars 0
53.03074660314451 209.98455392468708 51.87691977562281 173.06134986853368 73.815385104499 162.09246634764256 74.9692600193157 199.01544286400932 cars 0
81.11617827506052 254.91562486273688 80.6733780970535 217.12339855893862 105.61851552251028 212.44695431445052 106.06139382254696 250.2388474474762 cars 0
108.55843596906197 356.9580752449735 107.94052953418941 319.38364035683753 134.38198802032275 312.4266330168874 135.00000928590453 350.00056455225666 cars 0
41.65220276136097 275.96534131641977 42.07847833489723 306.64888483922357 19.42619543257024 311.68323374008554 18.999999999996362 281.0000000000049 cars 0
50.32467815817654 396.5771796638727 49.929906364614 361.83057284935074 75.70615595621348 357.1449001875046 76.10104750754545 391.8910019689407 cars 0
82.34112753691079 468.4755648842164 81.52375248142562 438.58282205325617 103.18254431680543 429.1082086308836 104.00001405037983 459.0005137750433 cars 0
45.999887036086875 492.998313366349 46.00004785368583 519.9991514386305 23.000043692536565 520.000367570799 22.999999999992724 492.99999999998545 cars 0
51.920915606788185 545.2184330058684 52.209178915582015 515.2619321898512 78.08420985360499 519.2441936435218 77.7961058870278 549.20007849365 cars 0
87.17896129357541 572.4550168642786 86.73154616146348 543.8166552832726 110.82488809090137 537.7948441960764 111.27243606852062 566.4326339108119 cars 0
118.24333365830171 584.031493476188 117.59442456499528 554.6132221955503 143.54671623121249 545.45538059335 144.19577012089576 574.8730033542748 cars 0
0 0 28 0 28 40 0 40 cars 0