81.99990361265009 63.99984892875047 82.00001455183155 167.0000377691847 40.9999837137002 166.99977379527596 41.00005115058593 64.00025681332696 cars 0
147.261683166671 49.87677810822409 146.81977111278684 92.3032191824558 118.71230360622576 87.61873985742953 119.15424518592772 45.192415586593995 cars 0
110.39555236113301 254.57044353434011 109.61767235534353 214.1173026196229 138.33233229986945 205.28276137229372 139.11030356630363 245.73549875645486 cars 0
104.92941903656174 198.19137344633745 106.15257238388949 234.53314212782612 83.52890072401351 246.71529804064062 82.30582335529107 210.37380278558084 cars 0
20.028960097006347 192.11888705795386 19.907507867701497 225.17074449342462 0 223.9999999999799 0.12150233242209652 190.94834561597511 cars 0
17.29357626156343 283.9723293353828 16.698886097874492 251.61757129817315 42.66874658476809 243.98023657954357 43.263512625762814 276.334665164566 cars 0
19.346201379903505 373.77417109491887 18.898235831657075 346.8935256992652 40.55196902027092 341.1200506095381 41.000006362355634 368.00038171255994 cars 0
52.999906449931586 390.99996317708997 53.00002648933514 363.9995928767565 77.0000164557132 364.00082389558753 76.99998731573942 391.0008311570718 cars 0
82.39925220981604 412.00008105926736 81.92033688725132 384.41076745819487 104.80994986361111 378.05367391626805 105.28895096418637 405.6426178252446 cars 0
133.96004121976148 353.6947820848814 134.11135902953902 385.14507809152855 112.10981144129619 386.83789671305084 111.95859063658645 355.3879820771433 cars 0
133.99994879755468 449.9989414607752 134.00009878665514 481.9996255052363 108.00000432711386 482.00036309728 107.99999841561657 450.0002559008598 cars 0
53.21723157781889 537.56247770158 52.95896589035692 502.4157864338067 78.78219497837563 499.3794998909004 79.04063054173093 534.5254963840691 cars 0
46.36398211021515 478.55139126105826 47.155788045583904 511.4783451099795 22.718349410679366 520.8778640702749 21.926705845708057 487.951509224526 cars 0
0 560.0000000000339 0.18817350466633798 529.9183091594512 18.070598906961095 531.7073959894652 17.882537317982496 561.7886501850236 cars 0
118.99978430274132 639.9995739889669 119.0000611106916 603.9989774650572 149.00001330928717 604.0015538498203 148.99998641880302 640.0011488756065 cars 0
0 640.0000000000006 0.00018028877093456686 618.9982088633759 25.000057335873862 619.000847265443 24.999999994215614 640.0021438334395 cars 0
0 0 25 0 25 26 0 26 cars 0