19.083069877506205 33.70824793037887 18.84947654680218 71.08493746311866 -0.0012492565110733267 69.19987726666521 0.23235728927829769 31.823243139773165 cars 0
27.23389750406568 82.53668941902086 25.988643214695912 46.672920812444346 51.224073581288394 32.65336383634306 52.46934421003971 68.51705491901106 cars 0
141.89128112415347 59.65049523961927 142.0443165796678 93.92535809660123 118.11443962886187 95.63470362522844 117.96142821074682 61.35993593888618 cars 0
25 137 47 137 47 170 25 170 cars 0
47.64445257078478 194.01010878271026 45.925541693450214 134.41867091184892 77.07809589528551 120.04119555734435 78.7971016843585 179.632191680904 cars 0
87 170 115 170 115 202 87 202 cars 0
-0.24979395668196958 183.96877445176162 0.004879261668975232 151.37554569834936 15.16195517137021 153.270379741802 14.907313845433237 185.86348429292127 cars 0
110.42898875592073 274.7470382642728 109.91707099768973 239.24952211748786 135.572048655049 233.32985382302513 136.08404746360975 268.82702398889273 cars 0
43.89100572661846 326.0265143273475 44.35419215031288 355.661165119932 18.190684666242305 362.20258926037855 17.727602954273607 332.56833338458887 cars 0
71.29759120594827 386.49405680293603 70.96803259362787 341.650135895277 103.85868514766116 337.78227586015277 104.18843627327078 382.62540519562555 cars 0
115.52786794312851 423.5633285994638 114.79696583532132 382.6290067194995 138.42635038132357 375.8788746920558 139.15738553330812 416.81261267535973 cars 0
0 463.99999999999136 -1.3514300931092293 431.56750754943624 13.648522955209046 421.56824913704617 15.00001745442205 454.0004188555884 cars 0
53.419039752679964 494.0570175806836 52.95797911734553 462.0861839208386 75.69476647124247 456.8403379169388 76.15594783048437 488.81065349215504 cars 0
83.92019787293975 518.9399628407416 84.02956507128692 487.50103949692414 109.06290283031922 488.8934753759585 108.95368510915432 520.3318091125735 cars 0
120.82364857251378 581.1761773810572 118.35266893636799 541.6469082738237 138.52891593471213 521.4715117341163 141.00000701395402 561.000112197147 cars 0
83.15937206532908 593.3063857394123 82.79730339083471 558.5326216135993 112.77640344997053 553.5384078308801 113.13868482289763 588.3112815295148 cars 0
81.3540755266149 604.3377406446624 80.7860091605653 640.6962045067794 59.57187221705681 635.3932435567656 60.14010440745551 599.0354870177272 cars 0
24.893163965989515 626.5926205291986 25.03116224434052 593.5349140237818 51.09890036714205 595.2746375593929 50.96110108954235 628.3315629350323 cars 0
0 603.9999999999721 0.0001253677146451082 571.9995774735106 17.0000022100794 572.0003801689138 16.999995864825905 604.0003264908091 cars 0
122.92824024085348 638.7274261412435 123.01745397253399 601.7692119478462 156.08892374999414 603.0450384869719 155.9999949199846 640.0021112132745 cars 0