81.62316532219847 596.2256017788072 82.52546307567172 629.2070162474888 57.9020928677528 639.980664424679 57.000000000007276 606.9999999999803 cars 0
86.99987297575717 610.9998616499391 87.00005152950325 579.9994517783093 111.00000917491343 580.0009251300933 110.99999543230297 611.0006774508123 cars 0
114.49020347356054 586.3772156233318 113.9144019784726 549.5209707505875 139.48629686725326 543.1298132671177 140.06228327760255 579.9852563771112 cars 0
137.99996528159681 466.99937896941015 138.0000976975134 500.9997897831292 111.99997933485065 501.00016887156727 112.00000588609328 467.00039624683535 cars 0
108.73496925960353 472.9866103109794 109.08552899252754 504.74936173362596 81.28303775803943 509.6566456435502 80.93264613056817 477.89454028191494 cars 0
48.06801880493367 528.4329913612372 47.93709623587347 494.87806835765 70.97828006333657 493.43941489585114 71.10934711134178 526.99375079526 cars 0
17.34459994453573 436.4481502680658 18.110396752817906 399.7027729028301 40.579403943938814 407.19365384123967 39.8137464743013 443.9385151122781 cars 0
71.27566828017734 329.24047996493556 72.24143711518991 375.58607612478545 48.96561486848441 383.34501853938207 47.999999999992724 336.99999999998727 cars 0
78.2487838221823 328.2364217363678 77.52114315795552 298.2969965654544 102.72043291912269 288.4982787847675 103.44815077212843 318.437355366018 cars 0
107.21371754798383 278.68916923866584 106.55066859824728 248.628935128284 128.3369019878046 240.9403860268016 129.00000796758832 271.0003611857037 cars 0
48.999938661800115 293.99997742764424 49.000031643136026 261.9996868186772 70.00001989707016 262.00042632283237 69.99999650999598 294.00043934223055 cars 0
18.2126886446531 264.8266603304622 17.909571586642414 230.86969256344278 41.76305731507455 227.46273302040413 42.06624601392832 261.41940183807554 cars 0
82.88775847735451 189.92583561384004 83.02278202800153 157.53470684717348 105.09998159735915 159.0069901915102 104.96500516039305 191.39793339910847 cars 0
27.098523430559 104.6126436917811 26.83514109799944 70.89543399869781 53.81658995274847 67.52307190727984 54.08000045194058 101.24016384290493 cars 0
58.864734883427445 68.0491472467163 57.989752383746236 29.54909647859935 86.27869090832974 19.262354544459775 87.15368979092091 57.76233827640575 cars 0
140.99999908041355 0.000003924600595419511 141.00000791002458 39.99998653894216 90.99999485997614 39.99998306635119 91.00000033760807 0.000006684866372909245 cars 0
