59.91176962292229 60.99480946244033 60.041519735750626 25.70829088636888 84.08411213529689 27.122740978008157 83.95437614128241 62.409200666978194 cars 0
0 67.99999999999254 0.000010436451702844352 32.99995941136134 17.99999995600956 33.00001867511018 18.00000132388959 68.00001267124537 cars 0
47.23757210756958 107.50469928253844 48.153473947422754 144.13856731900668 22.85644772444357 154.25750710747357 21.940594688840065 117.6238166651915 cars 0
59.69607510020069 161.61223839383922 57.862173061621434 125.74897245040736 79.34407386135717 108.17313267222946 81.1780048991568 144.03624158962063 cars 0
81.2660917580979 193.12950147371456 80.89835137583577 159.78241088846343 104.71962938458091 155.57921639568477 105.08741902680413 188.9261009784696 cars 0
21.055662020698946 264.89890816189717 20.714468018177286 234.86986525399377 43.74638174425854 230.68277191593626 44.08763653433198 260.711554796428 cars 0
103.99992434469823 251.99928152778384 104.00001651834827 285.9999311732714 79.0000063014486 286.0003415569188 78.99999894309076 252.00003068012973 cars 0
118.18533236773874 271.2134508549886 117.94556525595908 238.59447531416575 140.83017467102763 235.9029239425483 141.07001003501864 268.5216172007432 cars 0
70.89910990864155 293.80613692500987 71.0297376698145 325.13110473573647 49.006666872901405 326.59971893749014 48.87611991583981 295.2750637481585 cars 0
0.9999943813636492 359.99999769517353 10.692915270410595 363.97614186588885 9.692920071847766 402.97612208677805 0 398.9999999999997 cars 0
45.074350465911266 417.55808399413024 44.94780741888462 454.05200866399105 15.953325298978598 452.4421843724184 16.080037200426887 415.94894444891884 cars 0
82.38197603101071 477.00485919475034 81.90306092110404 449.41552435705916 104.79266737364014 443.0586167437115 105.27168241791514 470.64752098920985 cars 0
115.15926899137412 446.5573532710648 114.6515814266786 416.0921876579641 143.60614883913513 408.3723428184029 144.11396642441105 438.8369395468306 cars 0
141.02386265498353 487.2672201565743 140.88875559733424 519.7255758952672 113.89611635544497 517.9268967071788 114.03138420853793 485.4691996169604 cars 0
109.17898519817754 547.5441854457281 108.70041131356629 578.1748942694495 80.8871209179415 571.222010209027 81.36586026885197 540.5920113489381 cars 0
25.915935222765256 586.8184364626111 26.024702301092475 557.2947044502943 51.074420485874725 558.7700388839885 50.965813232141954 588.2931442950986 cars 0