77.41374605897363 105.86175970930779 78.1586302136202 141.6136883478664 51.40690123544118 150.53108829375108 50.66206633702677 114.77934441672618 cars 0
87.73357654987194 161.27865377883492 86.88934431755115 124.13095862223636 110.37704467238655 115.59029889629853 111.22131753525537 152.73781169878876 cars 0
74.44779707322596 226.050448553728 73.97456506876551 193.23633185901207 97.65056676118547 187.77316473157387 98.12385499999436 220.58703873228757 cars 0
135.69731384004626 167.70072387507253 136.69993588166108 205.12848444671192 110.41236999706598 216.3947872437064 109.40982518015517 178.96731152748063 cars 0
80.15171256365647 336.2826420734794 79.51036644104533 305.4961371942396 102.43445111203982 297.855472581094 103.07587308030634 328.6416432254029 cars 0
138.99997575841553 335.9996602633578 139.00006306588693 367.99987845187053 114.9999964093513 368.0001125524189 115.00000965308573 336.0002959773504 cars 0
111.4544179346376 483.51034452878656 110.96240397760994 449.3930018747281 134.59523296900443 443.94041716453455 135.08737755071706 478.05719811471363 cars 0
82.16699570863057 521.6200258271311 81.60648609504278 489.33098467980574 105.43937070913671 482.7122985643391 106.00001314698602 515.0007571522005 cars 0
1.9999773828385514 484.99998707849755 19.22005658670969 494.83803974556594 17.22007339785705 550.8379456787275 0 541.0000000000047 cars 0
25.885202680128714 601.1768643074798 26.277027174292016 569.8542925703299 50.2918582219354 574.6589636215496 49.90020615614412 605.9808757445684 cars 0
93.62739763366335 601.8408620099128 92.80546604295523 570.6077481226491 116.17795485833994 560.7684954856247 117.00002559407949 592.0009723731376 cars 0
38.99999999999636 639.9999999999924 39.00038004931048 617.9963454464737 87.0001329385741 618.0056084988688 86.999999950458 640.0082791885704 cars 0
155.0000771718078 640 123.99999999999636 640 124.00014241575263 619 154.99991511174812 619 cars 0
27.000000000007276 -0.000009967571835535408 27.000001754167897 26.999999600403655 -0.000002004762791329995 26.99999113477346 0 3.212360228278152e-11 cars 0