90.99999578324059 25.999957751443592 91.00000609085328 58.99998775440042 63.999996942147845 58.999999472765374 64.00000036048368 26.000019766758996 cars 0
86.33672931104229 185.02505076252686 85.92984562534184 142.70289179743145 111.67060446390678 138.74327819537032 112.07755139555957 181.06516746384116 cars 0
77.187515405858 145.49224293250992 76.91186247331643 182.98944467837802 50.78738191901721 179.91625510221834 51.06309243643409 142.4192867837708 cars 0
44.04494149272068 236.4002682140441 43.932552742498956 267.9097357764677 0.9555218856075953 265.4557430655456 1.0680348849018628 233.9467969807813 cars 0
15.99989843856747 357.9999183787045 16.000028726029996 330.9988180408177 42.00001366658398 331.00021774888916 41.999973339388816 358.0009630693328 cars 0
42.27028803059511 391.6115273607642 41.964400871693215 337.7292537123197 74.77699812036008 334.748481041105 75.08311925075759 388.6297922985834 cars 0
136.89360640859377 276.93888445523163 137.1898738483469 307.73989742739246 112.05392005320391 311.6073279661852 111.75774051085682 280.80665308817 cars 0
85.16773691180788 404.47891739249343 84.95026197759216 376.63099139858275 106.89756680016217 373.88856863064353 107.11512727710215 401.73614233668354 cars 0
135.08256192064437 437.46139822141276 134.87358453057823 474.2609992744816 109.84095586212788 471.98572007256894 110.05008532771171 435.18674232052376 cars 0
76.1387671511875 562.8147946677536 75.9740972099462 517.941504787022 110.93340806606648 515.8877140896684 111.09838843924081 560.7597585983901 cars 0
52.75229408418454 516.2475044098518 53.381113280920545 543.5433656741499 28.385865975451452 552.7532778329409 27.757193830530014 525.457962346148 cars 0
122.99984997449428 595.9999561180879 123.00003574793664 564.9994438872957 146.00002390705413 565.001053207334 145.99999204177948 596.0009495378536 cars 0
