114.99995247555489 112.99998759916633 115.00001187669113 69.99982111148103 144.00001253423397 70.00031498433268 143.99999556148032 113.00031258412353 cars 0
85.999970894336 99.99971025786112 86.00001102138776 129.99995216586444 59.000001012191206 130.0001939775553 58.99999562358062 100.00008792409047 cars 0
50.99997275881833 107.99985340707616 51.00001107224671 143.9999625559438 24.999995956914063 144.0000537808063 25.000001343250915 108.00011695478703 cars 0
19.78328140112353 101.29148141846849 20.397044356050174 128.7866731816128 1.6137384244939312 135.49510017528064 1.000000000003638 108 cars 0
84.369211535668 208.81529380975388 83.30771251585247 174.8458015872352 108.47692801191442 162.2618282529063 109.5384777308027 196.2310836339534 cars 0
16.474504869238444 266.47336288648603 15.899341671192815 231.95984883190607 40.53981790524631 225.38979168328768 41.11505355536792 259.90299001751856 cars 0
74.99995107766154 238.9995555952366 75.00003248211215 271.99978696585896 51.00000434051253 272.00012102769267 50.99999824646147 239.0001887022766 cars 0
81 290 103 290 103 318 81 318 cars 0
45.838088587188395 383.88376465834205 46.042511823161476 351.20381316870305 71.16431546974127 353.7173900291853 70.96000759049275 386.39689222351444 cars 0
15.278699435493763 454.12223518132686 14.692369679814874 424.41173732098275 40.41357244192113 416.2907723781561 41.00001513279494 446.0007666429908 cars 0
46.555814146850025 486.1268288244938 45.79187841087332 443.34469133143557 74.3780379879172 435.17814289102057 75.1421671956814 477.95943789645804 cars 0
86.28448642330113 523.0390458794669 85.93918100934388 492.64701078706867 108.72159966056643 488.5057946552944 109.06702922149634 518.8973043588628 cars 0
110.56689860482948 481.896762812301 113.29292330725366 419.6039202564285 141.2547088543579 439.1789448219056 138.52902684941 501.47057130784094 cars 0
122.29716990332236 627.5659250040574 121.38756338947132 595.2245962618413 148.3833325858177 583.0788211259298 149.29311092488206 615.4193568388007 cars 0
55.87886137398527 0.865763524939126 56.07395977262058 44.56614576388917 24.09754174448608 46.850161257350194 23.902456465184514 3.1498300889775663 cars 0
0 594.0000000000124 0.25830608039541403 563.0334492982834 23.15765817746069 566.0882413534306 22.899509926755854 597.0541827634127 cars 0
123.0407476255823 623.5654492588566 122.76695914617449 592.8895624943849 146.7986870348068 589.4580497134964 147.07263578375205 620.1332677195719 cars 0