93.1439648192827 50.213980303939934 92.5136283401298 9.871553152638493 120.51362234898988 2.871672434186943 121.14396951068557 43.21404983088529 cars 0
0 63.99999999997617 0.000011340362107148394 27.999959468414403 17.00000050730523 28.0000257829396 16.999999647850927 64.00002469435154 cars 0
88.09060264395157 150.10605176236447 87.96780573518845 114.72376339303388 113.91071485388238 113.28299544486296 114.0335561979191 148.6651071295713 cars 0
115.4671083978792 222.4033617074292 114.92846389008264 189.65011984209482 136.91553873986777 183.8646749445138 137.45423371081415 216.61769970407548 cars 0
73.74171291201492 203.63198040836403 75.97983917037709 243.41809615643623 52.238029364143586 264.78577955525697 50 225.00000000003553 cars 0
18.999999999996362 279.9999999999988 18.785558346426114 247.3905007715349 42.854340594640234 244.8578513963902 43.06885686604801 277.46704682159566 cars 0
101.39858025015201 265.74086180097794 102.1777126640518 301.05471431288044 78.77903686665377 309.3134976445116 77.99999999999272 273.9999999999701 cars 0
112.22319219532437 362.3327609331437 111.19421229910586 323.91625945408583 133.81840775682576 314.2210093147237 134.84748390494133 352.6370704971122 cars 0
18.523386204997223 359.30328260118523 16.721405828284333 313.99513716114495 43.952635270579776 296.66761069587915 45.754737615625345 341.9751427750058 cars 0
16.999837151033717 433.999959432124 17.000000000007276 401.99999999998954 41.00002876617509 402.00143307519147 40.999985409634974 434.0009167076628 cars 0
72.72108258199296 391.8908856217376 73.45799584767519 423.8836116815832 48.439910219967715 433.10162088681045 47.70313011436883 401.1093893846577 cars 0
85.0450646029276 481.38101680124373 84.8928750705636 449.7001212870513 112.95933114617583 447.5424944614557 113.11167121775725 479.2227739567901 cars 0
55.00011547088434 640 17.000000000007276 640 17.000354424999387 602 54.99980205171596 602 cars 0
50 87 76 87 76 126 50 126 cars 0
31 0 56 0 56 34 31 34 cars 0