25.90482946130578 121.87673255447463 26.04347560543829 84.17881798832357 51.10790267806806 85.65358408903433 50.969293609668966 123.3513569192261 cars 0
61.16119710455678 112.03685019726522 60.724340333617874 79.4160903557402 83.6852185909629 74.49616026538942 84.12209992653516 107.1168146328752 cars 0
140.95660312139444 142.67006098719781 141.1362638835999 177.15524749578518 117.0425165978304 179.16319966625323 116.86290652662137 144.67821088849394 cars 0
73.58813455311974 209.28049742113828 74.12192305433564 240.02156530870377 53.06719974694715 245.87045189204906 52.53346967045218 215.12960507588576 cars 0
113.88005439013796 301.84853534890726 114.03541086321638 267.0735341400803 137.11286410369212 268.7226860735896 136.95759427075245 303.49734944386006 cars 0
80.18236644278659 374.35212661946457 79.9375828157099 343.0074597701926 102.85268924642878 340.14405427902005 103.09756521919553 371.488342063032 cars 0
45.05731420329539 286.57903982544354 44.73638072735412 322.5335834133699 16.905722469309694 318.5582373522538 17.226764380429813 282.6041447174446 cars 0
44.99993292909494 437.9995755511967 45.0000226074917 465.99994199381007 22.99998939066427 466.00025003272174 23.000003252800525 438.0002993476147 cars 0
55 453 77 453 77 487 55 487 cars 0
133.28190972388256 439.28596415268714 134.19312950733 475.72253985167174 109.91105376453561 485.4359628515303 108.99999999999636 449.0000000000162 cars 0
89.81688369936819 578.6730709761074 88.90097230225365 542.0391453801327 108.851463369665 534.0598701009967 109.76750931000424 570.6931871504404 cars 0
24.303008192673587 558.8213783654805 23.904631697168952 530.1319566725799 47.8030710499479 524.8228291927564 48.201577508407354 553.5116990386808 cars 0
53 543 74 543 74 574 53 574 cars 0
0 169 19 169 19 200 0 200 cars 0
0 26 24 26 24 59 0 59 cars 0
54 0 97 0 97 19 54 19 cars 0
93 620 113 620 113 640 93 640 cars 0