92.18168851501105 47.20576350422121 91.5075801135572 13.050206069324524 118.59532631942784 4.496332237570036 119.2694426784874 38.65184846808986 cars 0
24.913368136185454 128.93961865699683 25.033379396882083 94.3905627831255 48.09490122248462 95.67214783379515 47.97492372306806 130.2210731310807 cars 0
54.22941552636985 173.78890739707094 53.46856072988885 141.32407389037292 76.68635522773911 132.61784232527228 77.44724851629144 165.08250287514343 cars 0
82.00000000000728 193.00000000000085 81.79394740214775 160.02033549636297 106.85323139156026 157.51508163833256 107.05933651463056 190.49453221724346 cars 0
136.7081879405123 121.65797376075618 137.07482193969554 150.98497535796952 115.3665995114352 155.32686702922857 115 126.00000000000361 cars 0
49.36010220199023 253.36488915745298 48.42498981181052 213.4653672596316 73.18389120557185 204.18123256572105 74.11907928424625 244.0804119949222 cars 0
15.501359328955004 315.9234313730909 16.217701824134565 278.681993048349 39.50297744544514 285.84751514072366 38.78673887873447 323.0885665014168 cars 0
104.77901138676316 342.4953725971713 105.07384385040496 377.8564792543751 80.23477113445551 381.16887585075864 79.94006080602048 345.80824224441994 cars 0
41.953410032383545 408.4250345196655 42.10945895427358 373.50685870987115 70.06025586821124 375.5046359528591 69.90435199057174 410.42223937362405 cars 0
111 354 135 354 135 392 111 392 cars 0
112.00000000000728 467.00000000001074 111.77717697830303 431.32140891909455 136.83012645682538 428.81777876605236 137.05309457109252 464.49577694669676 cars 0
78.99995517604111 483.99987441952874 79.00008867451106 453.99950508371995 104.9999992260382 454.00068697524796 105.00000182617441 484.0005118690092 cars 0
48.82176077730037 524.8710565365176 47.91582375186408 488.6328711258861 74.47517532084021 478.01064060206454 75.38127194951812 514.2481025947244 cars 0
49.877083901355945 514.426015760341 50.04820882617423 547.2457863329491 25.142323668824247 549.3218015756709 24.97136345027684 516.5026757878861 cars 0
77.9461959432956 559.1256469194764 78.25726843439043 587.3068803438632 54.17165732540525 591.5583174976007 53.8607361436334 563.3776639554022 cars 0
87.81891085991447 607.7090953191432 88.05666273694442 579.207153861291 112.13821827142965 582.419663768707 111.90062315108662 610.9209974194404 cars 0
118 565 144 565 144 597 118 597 cars 0