118.19237146795786 8.532034901197083 117.71924440417934 53.953198292547484 85.64990865848813 48.60830457766373 86.12305052083684 3.187204741455583 cars 0
77.89103458802856 123.02695173653318 78.40471167284704 155.89866294282814 50.186773832738254 162.95335850725854 49.67314862418789 130.08184008051145 cars 0
20.043419727153378 181.2081732260379 19.92405559438339 144.8983147797679 48.905844774799334 143.3736821818132 49.02527175139767 179.68328533954903 cars 0
82.9999490960472 191.99997054821387 83.00001584801066 158.99973590528754 109.00000694458868 159.0003197812707 108.99999615054185 192.00033258129292 cars 0
114.44732866983031 167.40407409604137 113.92178628955662 128.15944359206887 141.6947567574789 122.20859200701015 142.22035486222012 161.45298549617095 cars 0
51.10587648427099 209.1183523263898 50.971455857379624 174.68901313163158 72.88407587928305 173.3200214734538 73.01854947423635 207.74914824275317 cars 0
18.597480554235517 422.4877655514078 17.902438187102234 390.5115485522029 43.59944338315472 381.5751110119067 44.294596936360904 413.5508382222795 cars 0
111.10949835250722 316.5706723657739 110.54650747397318 282.78723514430243 135.5519793739586 276.1199883173775 136.11505686125383 309.90304898948517 cars 0
107.87523483206314 445.02398566299513 108.2270491847521 473.1543221854856 84.1621319990918 477.96799157831947 83.81043925703125 449.8381180856047 cars 0
51.8333060081568 486.98147136992844 52.047078147243155 456.2270117025699 75.14730721422893 458.7951809586124 74.93366337737825 489.54914083546214 cars 0
45.76463226932901 483.02710650167614 44.324728445099026 522.5217356236324 18.559940570739855 507.49386494611036 20 468.0000000000103 cars 0
112.91283973843747 532.1303263243229 111.98213391833633 499.3711429555493 133.7577410225822 489.474093289339 134.6885651080629 522.2327309805494 cars 0
59.62558063716642 635.441191025801 60.07592452599056 604.8409988966288 84.25697024489637 610.5326044720551 83.80680719972588 641.1321105306832 cars 0