27.283216327432456 72.23409152544762 26.92145592689485 29.783307705596616 55.73456652400637 25.854553260581888 56.096348579067126 68.30525288184415 cars 0
78.53974619772998 106.66498867300024 81.20501805899039 146.0278634571609 59.27215701103705 169.7885125446316 56.60693872519914 130.42582151537087 cars 0
103.74916872939139 197.94402955135698 104.22312169725046 232.0611904720266 76.14308583579259 238.30161909207035 75.66921447363711 204.18476386946108 cars 0
113.32101741243605 232.20838492925654 112.41948204600703 195.11434294893124 136.0984115824067 185.90655655869685 137.00000775521403 223.00031906564635 cars 0
108.69371479824622 332.944307306158 109.12994082327714 294.5688281190078 134.22578130115653 299.13252767778937 133.78967354246925 337.5075506008596 cars 0
43.78615702909883 276.73746057500284 44.413869295676704 306.8618921706585 20.26898570038611 314.91046868342545 19.64135941958375 284.7863547008656 cars 0
0 151.9999999999965 0.46004180896488833 118.8798944025173 20.190770445951784 123.26474492628692 19.730763939205644 156.38471504863602 cars 0
48.4744926028543 440.47329843515604 47.91261062535341 406.7559377290789 72.50327913909132 400.19965464242136 73.06528180304667 433.91649399427536 cars 0
84.99989591644407 438.9999701073957 85.00001586748112 408.9997610890421 106.00001472983422 409.0007740684431 105.99999406027564 439.00058474175404 cars 0
22.999999999992724 472.00000000000756 23.105242041037855 443.41737941686324 45.07095138555087 444.71076650145795 44.965817977117695 473.2929596886104 cars 0
59.12226202601232 551.4519443063141 58.98669835572946 523.2309342503407 81.92051109765089 521.4680283700025 82.05620142409316 549.6885232189331 cars 0
37.83885218123032 599.6047126522375 38.0732546967738 569.6333767498384 61.16006187952735 572.5208834517455 60.925814729253034 602.4916186826486 cars 0
90.92434664753455 638.9433238914261 91.02464153931578 608.5268410240096 113.01420270694507 609.6860850429347 112.9140650692716 640.1019459956642 cars 0
122.93100200266053 647.2957302876692 110.87391292427128 592.6013689720681 131.94324655491073 518.3074131710555 144.00009260361912 573.0004200692161 cars 0
84 63 113 63 113 99 84 99 cars 0
21 176 49 176 49 214 21 214 cars 0
54 247 74 247 74 277 54 277 cars 0
123 0 150 0 150 30 123 30 cars 0