35.11264765598753 46.81454338366947 34.73830881190224 10.876909361454869 60.70364223965953 6.549459011809367 61.07799005983907 42.4870499103846 cars 0
112.94416960952731 71.60354713996827 113.09860605404538 108.66001134384686 85.05637270454827 110.52959841333504 84.90197176470247 73.47326776694001 cars 0
83.75384323915569 229.62561333071775 84.11961267082006 194.51973546802694 108.28597055578939 198.54801866485403 107.92027145125758 233.65362516097866 cars 0
49.80901007487773 296.6506915307877 50.02430875452774 255.33511671768412 73.13406361396119 257.26164699960384 72.91886549297487 298.5768229415911 cars 0
41.656471933929424 339.3585227746177 42.078243522792036 370.8401760310933 18.12020634111832 375.9745056680872 17.698540317123843 344.4932569757398 cars 0
79 341 99 341 99 377 79 377 cars 0
106 347 129 347 129 379 106 379 cars 0
57.59309353552453 562.4687520373026 56.93792212221524 531.0202221435147 80.44127529668913 523.186996270983 81.09658258224954 554.634924844659 cars 0
109.78076238119684 514.6048608891028 110.35457180021695 544.4291441194913 83.4368549528881 552.7121971068682 82.86321622281321 522.8885554061512 cars 0
144.3235614047626 559.8740068779456 145.1869650903427 595.7738368942696 115.65241082156717 607.1339967170572 114.7892572589626 571.2350901050364 cars 0
23.514951123142964 634.147004819374 24.327612613324163 588.6640448003157 53.48231898389713 596.9955115371675 52.66998142671582 642.4772530902134 cars 0
1.000000000003638 639.9999999999695 1.0001517101591162 618.9986333080906 22.000048378740757 619.0005496849718 21.999999996569386 640.0015007282786 cars 0
0 251 14 251 14 281 0 281 cars 0
0 381 14 381 14 407 0 407 cars 0