24.365727884869557 142.40854499934068 23.863822964885912 110.28394900267159 45.49806952571089 104.87579835029325 46.00000413471207 137.00026462584395 cars 0
82.15690285733217 179.2983764112125 81.66465276302915 143.85211647487256 109.77231504821248 137.60660442429094 110.26462031792107 173.05262418916328 cars 0
46.999823744408786 109.99942185800806 47.00002374902397 232.0000013364901 20.999995875226887 231.99996590245487 21.00000233418541 110.00023939515557 cars 0
53.21969457389059 280.3706540811064 52.94451875353843 247.34042439282513 75.78579924944279 244.2956257713769 76.06104619957478 277.325563020977 cars 0
134.14890987636682 280.01106168623267 133.9770919817056 315.7673163689146 110.95193838820705 313.99649200426694 111.12384558062331 278.24059947392993 cars 0
83.79290000913898 367.83902324451327 84.07551309788687 333.9430683945991 106.17594102282965 336.8907314002061 105.89342920962736 370.7862943642649 cars 0
19.52787403100956 385.56333580706627 18.956850077411218 353.5834036395892 40.89847816745532 347.31523099197375 41.46959032425002 379.29477492383194 cars 0
76.84687630431654 391.51484478994684 77.04624877856986 423.39530018750116 53.14866127786445 425.78533933391066 52.94940725474589 393.9053500161514 cars 0
74.99991012989994 538.999162672455 75.00006368043614 572.9997978992212 47.99997096975858 573.0001751363036 48.00000711658868 539.0002990622378 cars 0
86.1022868006512 565.7306604585402 85.71577725027964 532.740179928417 109.70983102406535 528.2428859040863 110.09649372052081 561.2327179417017 cars 0
140.9489174074224 545.5739176444418 141.09481261742985 578.2071696115056 115.10299023131665 580.0645201537442 114.95727558793078 547.4319791290121 cars 0
111 374 144 374 144 399 111 399 cars 0