62.613866015854 64.01437474311426 61.932134297712764 24.018458231401087 87.43856324424996 17.062292389691034 88.12030947146923 57.058143000243845 cars 0
87.26512904797346 137.45577773320576 86.92028618483164 104.34648361646768 111.73137976376893 100.21173114354016 112.0762574949731 133.3208814013596 cars 0
47.539540222715004 168.58359701871115 48.28715796886172 198.48503449694522 24.74756392171912 207.9012390518113 23.999999999996362 178.00000000002103 cars 0
48.82432512797095 238.47796434961654 49.082959880961425 205.38500405651172 74.1444028409569 208.51840391303847 73.88583902462415 241.61109335500407 cars 0
85.01536782558105 249.49223669032787 83.93845674183467 215.0305843911744 103.75384333063266 205.12326287610065 104.83080394153149 239.58468151695945 cars 0
114.18921280232098 262.22631200044043 113.9561076805694 232.3801588335506 135.80196106322546 229.65008231214014 136.03512396070073 259.49599906028084 cars 0
110 368 134 368 134 401 110 401 cars 0
78.06410891005726 435.1558274975587 77.72622659753324 402.71187689160394 100.71747675552615 398.8809481666349 101.05546987886555 431.3244335581129 cars 0
50.65318532004312 413.9823938156763 49.43638470753285 382.34631728189527 73.7831179308887 367.36464565198895 75.00001020051059 399.00026518208404 cars 0
17.201654163163766 380.26255547346267 16.72852860790954 351.4918502812842 40.78883174721341 345.1613604452984 41.262044068353134 373.931693255004 cars 0
0 418 13 418 13 457 0 457 cars 0
22.909069023990014 491.79383073596523 23.031424110595253 462.4683248338571 46.09167177412019 464.0069488944291 45.969438877182256 493.3319752391896 cars 0
24.25454455007639 584.5930169891485 23.949281763725594 545.5058138066327 48.768712148485065 542.4044807239885 49.07417193056972 581.4908732007088 cars 0
49.79605055439606 526.8279231261254 50.10452702117618 492.3002132889645 75.09045010467162 495.8705514856608 74.78214336926612 530.3976053228293 cars 0
90.84402674605371 585.7070599663807 89.89034026208174 552.140303817781 109.71948247573891 543.1280368659853 110.67329087807593 576.6942281437227 cars 0
115.13415106557659 511.6240083107642 114.94943176263405 479.0949537465941 138.86884594103321 476.92156808954 139.05370512678928 509.4500479655409 cars 0
150.99992811905395 610.9988347047415 151.00010268741244 639.9999112936421 123.99999435312566 640.0006890681233 124.00000178193295 611.0003371187107 cars 0