27.87575613183435 123.836580263426 28.047331086308986 88.15735219954749 51.125328406542394 89.93287716413315 50.95378688223718 125.611974783824 cars 0
85.3566584327018 199.38963197050424 84.9092865338389 160.01629808926248 110.62885753552109 155.3404810563171 111.0762932626676 194.713541373606 cars 0
20 273.9999999999639 19.888768958444416 245.5067041339624 41.93410635165492 244.1295520796857 42.04539687882061 272.6226068057453 cars 0
50.92864460808414 270.9897653995861 51.24592215915982 235.46349997905054 74.2076422664104 238.74418959146783 73.89044484125407 274.27014286140184 cars 0
136.99998392052294 236.99961633911644 137.00006116932855 269.9998469943045 110.99999844058402 270.00012055127445 111.00000200513023 237.00021048170225 cars 0
52.15952208271119 420.2100232563294 51.66149534334181 388.33436424415373 75.61472916549974 382.34673622834646 76.11286226117954 414.2219345970141 cars 0
21.53789337267881 481.8204379575362 20.903434689371352 451.36457129681503 46.78618294157786 442.7382783361285 47.420764611633786 473.19359845277967 cars 0
85 457 107 457 107 488 85 488 cars 0
112.19409589122733 457.0939437797763 111.6029647997857 426.3521690282007 142.74555921769206 416.77120970609917 143.336833052781 447.5123565325605 cars 0
145.0857118316162 538.4043610795884 144.92483656838886 577.0611232523477 117.87807067945323 575.258898269672 118.03915882268484 536.6029991956412 cars 0
84.99983768015227 618.9997052354323 85.00008862940376 587.9986339641086 115.00002096421667 588.0012065926069 114.99997852135493 619.0014478533304 cars 0
59.137486048275605 597.6075956072028 58.92881477793708 570.8834284105594 81.89853495081479 568.0137473488074 82.10733495459863 594.7373843685461 cars 0
54.185092632324086 593.1405521258221 53.61750895230216 626.4407871721376 25.848789180254244 618.8682530545271 26.416566086645616 585.5688540405961 cars 0