24.224709393947705 124.7592625061778 23.42199686112508 89.89699513496458 47.197263651924004 81.13806459210733 48.00000459061266 116.00019936398235 cars 0
86 118 110 118 110 153 86 153 cars 0
47.663755525427405 169.31262315298108 48.10525638878971 206.98008863775567 23.08989505536374 211.6707334903762 22.648464007561415 174.0035330515079 cars 0
53.15025943589717 262.7319712093948 52.42267467257989 230.13445309194088 73.81018698100888 222.49662603713557 74.5378284452454 255.09388687080929 cars 0
113.09439080767334 294.18153663530404 112.9670713669475 261.5642507755224 136.90652768425934 260.0688607840349 137.03392636462013 292.68582637498196 cars 0
138.599772457801 352.2344944227686 139.15921630426965 382.65857339984007 115.47113776627157 389.6262769089477 114.91180012586483 359.20259448322724 cars 0
85.15002175754489 355.1999278981441 83.90499057939451 320.3397847595577 105.42995653026082 308.0402313361139 106.67506507579674 342.90000341318773 cars 0
18.48632275054115 366.12826731820076 17.945524269434827 331.5131455464614 42.5991938432162 325.35056619297075 43.1400948850569 359.96524832866356 cars 0
76.87688908927157 373.18659066436334 77.21326640166808 405.4643036427185 51.17506111513649 409.80441756538875 50.8388109821135 377.52719397464557 cars 0
71.99996856323196 520.9991988006652 72.000113550057 552.9997241440251 47.99999288077743 553.0001311827117 48.000001100153895 521.000214241697 cars 0
85.99984695163585 543.999949932629 86.00004429881665 512.9991945915216 110.00003491868483 513.0009614423718 109.99998379847966 544.0011344049784 cars 0
139.95338521746817 528.5736594035759 140.0964114270937 560.5639535151842 113.04240894023678 562.4971676665152 112.89956115395398 530.5075703934586 cars 0
83.00007911711873 640 59.99987852519553 640 60.000034706881706 612.9999999999999 82.9999456072619 612.9999999999999 cars 0