148.2832376708575 38.562485887571974 147.8081251689764 82.90981920278723 108.63363119296991 76.19440895345204 109.10877846356016 31.847228779725192 cars 0
109.93884398092632 96.15138016093272 110.24589197108071 130.53624503871558 84.09172065435996 134.27268366765196 83.78471246009212 99.8879701540203 cars 0
110.85070132463443 189.65418408548737 111.05772333068671 149.92123895958133 140.09718179333504 152.34174672368005 139.8902347017065 192.07440450673462 cars 0
46.99996016885052 188.9992176422211 47.00002781668445 215.99986595192792 21.000014759865735 216.00043321203344 21.000000000003638 188.99999999998863 cars 0
51.99996817298597 375.99990180731027 52.000065950451244 344.9996813655079 75.99999857051444 345.000542993829 76.0000006428345 376.00036021134235 cars 0
44.999967852527334 320.9996146046631 45.0000351082781 347.99987296282313 22.99999488379399 348.0001454137832 23.000001519503712 321.00018399625617 cars 0
0 303.9999999999745 -0.8663382792656193 271.6569299755795 12.35684059893174 265.99010252323757 13.223218931689189 298.3329890130094 cars 0
113.11320824639552 388.192378148533 112.98029864612545 356.2678120550043 136.89031545596663 354.67482430105565 137.02332862079857 386.59897108396996 cars 0
103.77232361350252 408.07494456521823 104.41391931222824 438.8617932853815 82.23452403048213 446.2554610283869 81.59304510791117 415.4690495128565 cars 0
74.02282302762615 601.1587822868064 73.94856869554133 571.36114298832 104.96782603555403 570.1235252350934 105.04227957604598 599.9203554557106 cars 0
55.8000374175208 597.7451479653796 56.30729054151743 628.8323297878311 27.283893318890478 636.4055472497294 26.776859952533414 605.3191979621676 cars 0
51 211 76 211 76 240 51 240 cars 0
0 0 23 0 23 37 0 37 cars 0
92.99999996816041 -0.0000068772175506585464 93.08741941140397 18.88241132177473 66.08741754924267 20.88240764715968 65.99999999998545 2.000000000003112 cars 0