50 121 74 121 74 157 50 157 cars 0
86 120 111 120 111 156 86 156 cars 0
116 179 140 179 140 217 116 217 cars 0
16 193 53 193 53 240 16 240 cars 0
0 117 13 117 13 211 0 211 cars 0
50 296 70 296 70 340 50 340 cars 0
79 243 104 243 104 281 79 281 cars 0
109 357 137 357 137 394 109 394 cars 0
23 353 43 353 43 384 23 384 cars 0
0 326 11 326 11 354 0 354 cars 0
47 429 74 429 74 456 47 456 cars 0
24 456 47 456 47 484 24 484 cars 0
0 507 20 507 20 546 0 546 cars 0
114 477 140 477 140 511 114 511 cars 0
56 574 80 574 80 609 56 609 cars 0
87 599 113 599 113 640 87 640 cars 0
29 609 50 609 50 640 29 640 cars 0
71 384 100 384 100 417 71 417 cars 0