48.302190795584465 136.44041716710933 47.2267651157199 77.93304522592331 79.25576521533003 68.51327130786343 80.33125661557278 127.02037504231568 cars 0
147.18269590259297 2.2297463650922973 146.90138693427798 44.98962043329988 121.78719451101642 42.34601392831024 122.06851239072421 -0.4138343304684999 cars 0
115.35468206855512 110.23370553708568 117.03022445117313 145.97727840593095 94.64529339595174 162.76606063035166 92.96979796754385 127.0226519166465 cars 0
139.86900834408516 186.19130054810412 140.14222762172722 223.3360179572204 112.10026629463755 226.63543537312609 111.82712919857295 189.4910317526961 cars 0
22.328184169527958 318.69569931841994 20.928889857241302 286.356567513484 43.60065053437211 270.6613960928211 45.000008700462786 303.0002010646066 cars 0
69.30079662834032 343.4582796583171 68.619030365262 297.08888646442267 103.64481335491291 288.84907013757515 104.32675868391016 335.2176897574741 cars 0
116.36609109549681 376.3630397196442 115.9153964521829 343.90749921902847 136.92000914430537 339.2407955419362 137.37078902953726 371.6959699597132 cars 0
72.73889651034551 416.3391077626597 73.09069910517792 448.21897289249426 51.100391923737334 452.1002933859047 50.74870734959404 420.220882685928 cars 0
80.5378700518304 483.82058921738496 79.85517991879533 451.04785124892214 104.82759792610523 442.7254338396674 105.51041614638962 475.49760225045554 cars 0
118.12955351508208 531.6008974579304 117.5342071814157 496.67186046969647 141.57575721288595 490.1162024695489 142.1712515672334 525.0445970320246 cars 0
81.13705174213464 549.065645626901 80.77946155628524 517.5843950145911 109.84433220643041 512.3022486914018 110.20209425540088 543.7827757294692 cars 0
117.99999999999272 594.0000000000337 118.00027733581373 559.99904491075 146.00005194304686 560.0017365357995 145.99997892744796 594.0018754061422 cars 0
57.16104311239178 591.2042360400135 56.96224082130357 562.5593819807186 76.9745642973794 560.3372636035759 77.173485741896 588.981625892445 cars 0
48.16482689961049 548.6157355708965 47.959419388571405 581.4958424814604 22.85003246524866 578.9853893201653 23.055608536105865 546.1059809345762 cars 0
0 566.9999999999909 -1.0359712516219588 531.4833898025012 13.963949903791217 524.4843439685003 15.000015124114725 560.0005184478382 cars 0
14.550748220408423 394.8454008053319 13.376247232808964 429.2958931002646 0 421.999999999993 1.1745598957168113 387.54979017793323 cars 0
18.929704156453226 106.50566922823869 19.088519888118753 136.99256190074445 0.01344940177659737 138.58224422813512 -0.14533922389091458 108.09545768812286 cars 0
53.99999999999636 -0.000009203954310760242 54.00000188712511 29.0000015706799 25.99999765996472 28.999990242714688 26.000000000003638 2.3051070053906838e-11 cars 0