116.73861079896596 69.84781435203013 117.56342925969875 105.03866526064178 95.33688630621327 113.37371143429223 94.5120968939409 78.18296866413051 cars 0
46.28278154592408 220.80829062083473 45.63474782498815 182.28978075857128 81.79062554085249 172.55685646144798 82.43875359363301 211.0749680289705 cars 0
81.17393324113436 199.6204911077308 80.95561170614019 161.18562132994958 107.85079510202195 158.74109863342676 108.06918409674836 197.17568731841317 cars 0
117.19431693771185 144.31711226718323 116.97310690991799 101.83543939211845 141.9414335341571 99.75509828136609 142.16269082335202 142.23657688078882 cars 0
113.42539847775697 498.53038531158745 112.61053041629566 466.865705872273 139.50562767140582 455.79281978147554 140.32062955413494 487.45689143522014 cars 0
112.9165880785149 325.99536363523356 113.03031540452139 293.2789110226373 137.07080322110414 294.61552352837026 136.9571678959801 327.33161549097474 cars 0
5.972481691205758 164.34473818082623 4.796055562601396 119.16823668425243 31.980244274927827 107.84189954994672 33.15672553428158 153.01814931594632 cars 0
83.58617650083033 389.13781318168384 82.91724103040906 357.02737078656764 106.46202585601714 349.1799523266394 107.1310557482866 381.2899722222707 cars 0
48.55339518362598 327.86042476269245 49.2415136110867 292.63752500677316 72.4708008882044 299.8976519388259 71.78278489691365 335.1201688734852 cars 0
74.54463162852335 420.4100164176981 75.08014896451641 461.08808088752687 48.53533006285943 466.67734552414885 48.000000000010914 426.0000000000297 cars 0
47.78261477144042 401.29927875615374 49.091295173257095 439.6772756945835 20.30848414713546 455.3772968391628 18.999999999996362 417.0000000000184 cars 0
30.00000000001819 640.0000000000111 30.00011417305359 626.9981942484593 56.000034473363485 627.0009595925305 55.999999993564415 640.0024435252441 cars 0
87.99999999999272 639.9999999999761 88.00013357820717 625.9977636577282 117.00003794003351 626.0011815208496 116.9999999918582 640.0030297719395 cars 0
139.78505556242453 185.83009236844248 140.5983245322932 220.52545146313807 116.29623867755072 229.63901761351627 115.48304051484592 194.94392058635444 cars 0