81.2676686175655 261.0618207908717 80.75334097869927 230.1988885014404 105.77544446190586 223.52700616969463 106.28983659600635 254.38965975838562 cars 0
49.07729371347159 235.1844481827541 48.58609285345665 195.88240053765287 74.62094742082627 190.6761298307853 75.112225290668 229.97785094151754 cars 0
118.95998819703891 90.87947483720771 119.28688730358772 132.71403510162796 86.32683971740335 136.8343368148993 86.00000000000364 95.00000000001731 cars 0
25.326639381837595 269.1375768112765 24.450178704046266 322.4337317290415 0 316.00000000003325 0.8765926887645037 262.70441661637153 cars 0
54.108135946607945 427.7674637997316 53.49100230716431 394.8523757343444 75.51703389004615 388.2453220233957 76.13426867854287 421.1599650291507 cars 0
115.34766330183629 394.0337894275783 114.93384760124172 364.2366330093168 134.69227608324218 359.84644485103195 135.106169539431 389.6432684858071 cars 0
0 465.999999999966 0.9069613735482562 407.976378552952 30.587571964770177 415.3978904418391 29.680909976323164 473.4203663096901 cars 0
26.918426801912574 513.1311318882475 27.192464724357706 482.4556900882189 47.17581645289101 485.311155812725 46.90189636821742 515.9861408477191 cars 0
43.10117388058643 539.0677400356777 42.98098720177222 569.8732677409474 21.89627611396645 568.5562887261981 22.016594403703493 537.7512918715257 cars 0
81.0614275977241 547.2525609545828 80.94004123086052 578.3710193646319 53.93872927657867 576.6844778001221 54.060288334530924 545.5667152976444 cars 0
89 527 111 527 111 561 89 561 cars 0
117 217 147 217 147 247 117 247 cars 0