27.396801011818752 76.629216670846 26.865505763908004 36.957327683376306 54.65183266380336 31.00333152781669 55.1831489023607 70.67512583323618 cars 0
58.17940578768685 66.32936788485456 57.558833364219026 34.05873307921376 85.50882627509054 25.458894367708833 86.12941291923562 57.7294680163495 cars 0
119.57220468189917 127.57116103909954 118.91671114242854 89.11346806924642 145.53727470351077 81.85360217930501 146.1928055124372 120.31113752802071 cars 0
76.29522424620518 162.52940111675312 75.78770843376333 197.72013221171332 52.619599245954305 192.3738482684446 53.12716560007175 157.18333506505974 cars 0
45.05104707290229 229.73987889631982 46.18090838821445 268.1500354404939 20.129756388159876 280.4097710795141 18.999999999996362 241.99999999996817 cars 0
115.94082099778461 258.11771189642116 114.9031070718047 221.58928005293373 135.74757562337254 212.11497407748476 136.78534771495833 248.64313641083217 cars 0
79.08976103988607 325.8230901028401 78.70170874573887 296.32568979909985 101.99241278274712 291.42337818826473 102.38053945160573 320.92045637677484 cars 0
43.53874124919457 393.71164255291126 44.221383194289956 423.73742330012885 18.25416037459945 433.18108897671914 17.571648179291515 403.155790258137 cars 0
53.51084978787185 444.2466144653261 52.87507633693167 410.33707062258367 75.48533094925006 403.5548271305031 76.12121574808043 437.46388436603553 cars 0
106.64823640794566 435.1170601838933 105.94482263497412 401.3513338308512 131.5999611967345 392.80062833172104 132.30349628109252 426.5658188988286 cars 0
47.99990517391052 490.99808193556777 48.000095552633866 520.999126078566 22.000043457919674 521.000456395245 22.000000000007276 490.9999999999758 cars 0
50.338608172587556 527.3508046774098 49.71158870837826 498.92482158466055 73.37288063088636 490.57520582933165 74.00001486324982 519.0006736866768 cars 0
84.81005755882506 536.3275664783346 83.54952800729734 500.0274984144656 105.81450784045956 487.6588958946089 107.07516670698169 523.9583440858851 cars 0
88.1610127053682 614.2042388120238 87.91371239651198 578.5647389077976 115.90594126502765 575.4567366611857 116.15345600181172 611.0953568428367 cars 0
19.857791508420632 436.6278431111281 20.224527718837635 465.9549408741774 0.09976561350413249 469.98018834039897 -0.26686635117584956 440.65349073989626 cars 0
19.64199988549808 125.08937118347094 20.186782945638697 159.9533323902638 0 165.00000000000375 -0.5447429394189385 130.1361896470397 cars 0
2.999982640176313 270.999983335705 14.497765777105087 282.03709043238746 11.497777576441877 332.037043617409 0 320.9999999999925 cars 0