107.34610457544477 115.32841060983182 104.47407433723129 163.70017547629118 81.63421628998549 142.00258107844942 84.50628458853316 93.63101887795729 cars 0
142.1769133687303 199.7327996947935 141.69815200892117 232.93019977500197 118.67378172832105 227.61713378563917 119.15260008867335 194.4199767491275 cars 0
80 209 102 209 102 245 80 245 cars 0
70.79699591053213 239.88084397710452 71.6436450580477 273.74247542330517 50.703005022405705 282.1188508329634 49.85643064883334 248.25749198467065 cars 0
22.99995524517726 216.9999829470275 23.000016733531083 187.9998014523217 44.000012527412764 188.00033085225252 43.999996947441105 217.00032952239025 cars 0
0 319 17 319 17 359 0 359 cars 0
43.94772916972215 368.46917269791834 44.09619381662196 404.05993327435215 16.0413857108324 405.93087739504017 15.893067120559863 370.34068491136225 cars 0
114.2102658364638 414.27359591779856 112.87528718608883 378.6743294801223 139.13441324542873 362.92002584758626 140.46950359477705 398.51874401637616 cars 0
81.07191503911963 434.04636499708056 80.9803414644557 404.70015025919463 101.90833465791002 403.6549973777601 102.00000260008892 433.00083236044776 cars 0
113.26893672610822 481.9101355710799 112.43452499300474 441.8546270887099 139.5792836721921 432.8080693599087 140.4138634676201 472.86282914846424 cars 0
80.78319379274035 528.7971417584228 81.10407490024954 498.016507083649 105.249640863276 502.0424785660287 104.92890797448126 532.8225437512733 cars 0
49.949653113835666 519.5413737962656 50.09883301037917 550.5303602683914 25.04067694851983 552.4585597725749 24.89165453809619 521.4701863438738 cars 0
56.9201698931829 611.9399497982383 57.003484003671474 587.9988224091912 79.03049623228071 589.2242255094063 78.94730147680093 613.1648842344946 cars 0
145 -0.000002654964921298703 145.0000006535265 20.000000983525137 124.99999924049916 19.999997391474587 125 2.961295193110126e-11 cars 0
21 57 49 57 49 96 21 96 cars 0
57 70 83 70 83 110 57 110 cars 0
117 89 144 89 144 126 117 126 cars 0