88.60145267693952 76.27644110619994 87.86912024006597 38.19407127543185 112.45441630248024 30.62953967575779 113.18676597795275 68.71183041931153 cars 0
79.67769354669144 110.95007030103892 80.84794818511 151.07087423510708 57.170201487133454 162.1206109400774 56.00000000000364 122.0000000000295 cars 0
22 160 48 160 48 193 22 193 cars 0
119.30669594124993 179.53862617256408 118.91771259188317 148.4162292528497 141.7107291269167 143.85806387260513 142.09975301511804 174.9802931855106 cars 0
134.7417540179049 288.37719111243035 135.69171129322058 327.45297227886687 110.94983464958204 337.07532716527976 110 297.99999999996396 cars 0
17.194525608447293 306.45124074455447 16.688751624533325 274.07752944657864 40.782102920256875 268.05502030202604 41.28795456781518 300.4283961759921 cars 0
46.915573103851784 379.93617640310134 47.028143759634986 349.3540821256614 71.08175417130042 350.77013805403425 70.96928492703228 381.3518331861951 cars 0
78.99989138590172 433.99990304305214 79.00004201586853 401.9994396193396 105.00001365886419 402.00077679102725 104.99999239094905 434.0007247308482 cars 0
139.77421909441546 426.5557407929992 140.27637119799692 458.68060501478135 116.21404110812364 464.6966009397063 115.712024389195 432.5722459690651 cars 0
46.942218156309536 485.0721421758924 47.29176249311422 514.8824121914188 26.057021820233786 518.8646372544085 25.70760092956334 489.05484160758186 cars 0
77.1823900596064 483.64734022680955 76.93465406477117 515.3666924441994 52.8253147048963 512.3533212342131 53.073187748668715 480.6345360896149 cars 0
60.07497355567466 588.1600766051333 59.974610457084054 618.7347547187057 29.9238369458908 617.1547351563288 30.024403226780123 586.5808761899702 cars 0
82.77104251616038 604.0371684960635 83.09192479984631 634.817822453541 60.266975663689664 638.6225781740172 59.94626210283968 607.8425740122195 cars 0
115.8179440449021 584.6293288345535 116.40719119413916 624.6681841460465 89.29493086905495 631.0485757621495 88.70594255766264 591.0106976836455 cars 0
2.0134962737392925 311.5608085129591 13.379802048948477 317.1560094071069 11.366303492559382 382.5951534189719 0 376.99999999999727 cars 0
